离散化的状态数: 10

平衡分布:
状态 0: 0.4360
状态 1: 0.0000
状态 2: 0.0000
状态 3: 0.0000
状态 4: 0.0000
状态 5: 0.0000
状态 6: 0.5640
状态 7: 0.0000
状态 8: 0.0000
状态 9: 0.0000

转移矩阵:
0.4717 0.0000 0.0000 0.0000 0.0000 0.0000 0.5283 0.0000 0.0000 0.0000
0.0000 0.6232 0.2174 0.0145 0.0000 0.1377 0.0000 0.0000 0.0036 0.0036
0.0000 0.2140 0.7491 0.0037 0.0037 0.0000 0.0000 0.0000 0.0000 0.0295
0.0000 0.0133 0.0000 0.9867 0.0000 0.0000 0.0000 0.0000 0.0000 0.0000
0.0000 0.0000 0.0046 0.0000 0.4795 0.0000 0.0000 0.0000 0.0000 0.5160
0.0000 0.1627 0.0000 0.0000 0.0000 0.6230 0.0000 0.0000 0.2143 0.0000
0.4085 0.0000 0.0000 0.0000 0.0000 0.0000 0.5915 0.0000 0.0000 0.0000
0.0000 0.0000 0.0000 0.0000 0.0000 0.0000 0.0000 0.9960 0.0040 0.0000
0.0000 0.0000 0.0000 0.0000 0.0000 0.3149 0.0000 0.0055 0.6796 0.0000
0.0000 0.0035 0.0283 0.0000 0.4099 0.0000 0.0000 0.0000 0.0000 0.5583

MFPT 矩阵:
0.00 nan nan nan nan nan 1.89 nan nan nan
24748021703654572.00 0.00 nan nan nan nan 24748021703654572.00 nan nan nan
24748021703654560.00 nan 0.00 nan nan nan 24748021703654560.00 nan nan nan
24748021703654556.00 nan nan 0.00 nan nan 24748021703654544.00 nan nan nan
24748021703654544.00 nan nan nan 0.00 nan 24748021703654544.00 nan nan nan
24748021703654580.00 nan nan nan nan 0.00 24748021703654580.00 nan nan nan
2.45 nan nan nan nan nan 0.00 nan nan nan
24748021703654520.00 nan nan nan nan nan 24748021703654520.00 0.00 nan nan
24748021703654588.00 nan nan nan nan nan 24748021703654588.00 nan 0.00 nan
24748021703654540.00 nan nan nan nan nan 24748021703654544.00 nan nan 0.00

状态转换统计:
状态 0 最可能转换到状态 6 (概率: 0.528)
状态 1 最可能转换到状态 1 (概率: 0.623)
状态 2 最可能转换到状态 2 (概率: 0.749)
状态 3 最可能转换到状态 3 (概率: 0.987)
状态 4 最可能转换到状态 9 (概率: 0.516)
状态 5 最可能转换到状态 5 (概率: 0.623)
状态 6 最可能转换到状态 6 (概率: 0.592)
状态 7 最可能转换到状态 7 (概率: 0.996)
状态 8 最可能转换到状态 8 (概率: 0.680)
状态 9 最可能转换到状态 9 (概率: 0.558)

各状态的平均停留时间:
状态 0: 1.89 时间步
状态 1: 2.65 时间步
状态 2: 3.99 时间步
状态 3: 75.40 时间步
状态 4: 1.92 时间步
状态 5: 2.65 时间步
状态 6: 2.45 时间步
状态 7: 249.00 时间步
状态 8: 3.12 时间步
状态 9: 2.26 时间步
